eval_accuracy = 0.9639698957990399
eval_loss = 0.11008056063724542
global_step = 110205
loss = 0.05002550685147333
